1 0.16796875 0.61640625 0.03828125 0.22578125
1 0.14609375 0.55078125 0.028125 0.21328125
1 0.17109375 0.47265625 0.04453125 0.15
2 0.58125 0.671875 0.0375 0.23671875
2 0.4953125 0.62265625 0.07578125 0.24453125
2 0.5515625 0.4375 0.04140625 0.1796875
2 0.665625 0.46640625 0.04140625 0.171875
2 0.76171875 0.62421875 0.0421875 0.23203125
2 0.77421875 0.51875 0.03359375 0.1859375
1 0.31640625 0.59609375 0.0640625 0.21015625
1 0.3125 0.53359375 0.06953125 0.22265625
1 0.3234375 0.46875 0.065625 0.1984375
0 0.41640625 0.834375 0.05703125 0.25078125