1 0.82734375 0.58125 0.0890625 0.2265625
1 0.73125 0.6421875 0.1203125 0.24375
1 0.71484375 0.4859375 0.071875 0.171875
1 0.4578125 0.61015625 0.090625 0.228125
1 0.47421875 0.4578125 0.0765625 0.1796875
1 0.4734375 0.3765625 0.06875 0.1828125
0 0.35859375 0.85078125 0.1109375 0.2609375
2 0.3546875 0.4515625 0.10625 0.2703125
2 0.19375 0.65 0.1296875 0.253125
2 0.29296875 0.40703125 0.0859375 0.2015625
2 0.28359375 0.3 0.071875 0.1359375
2 0.103125 0.51875 0.0953125 0.2140625
2 0.10234375 0.44921875 0.1390625 0.203125