1 0.1875 0.61875 0.0515625 0.2109375
1 0.2265625 0.5078125 0.04296875 0.1671875
1 0.31640625 0.446875 0.028125 0.15625
1 0.45703125 0.590625 0.04140625 0.1953125
1 0.49453125 0.5125 0.03046875 0.1921875
2 0.60703125 0.5125 0.0421875 0.1984375
1 0.5953125 0.3921875 0.0359375 0.1125
0 0.51484375 0.834375 0.0515625 0.2203125
2 0.6453125 0.40546875 0.0265625 0.1515625
2 0.65546875 0.4515625 0.0296875 0.125
2 0.7078125 0.58046875 0.0359375 0.2
2 0.7671875 0.64609375 0.05703125 0.196875
2 0.8328125 0.4609375 0.0328125 0.15