1 0.03046875 0.51171875 0.0609375 0.2390625
1 0.0921875 0.61171875 0.05859375 0.2578125
1 0.1578125 0.42890625 0.03671875 0.1828125
1 0.45859375 0.6015625 0.0390625 0.24921875
1 0.47890625 0.50546875 0.03515625 0.19140625
1 0.4765625 0.43515625 0.02578125 0.16171875
0 0.52734375 0.86484375 0.0640625 0.2703125
2 0.578125 0.38046875 0.0390625 0.12109375
2 0.60234375 0.53984375 0.05703125 0.20078125
2 0.646875 0.43203125 0.0625 0.221875
2 0.74375 0.34140625 0.0484375 0.17109375
2 0.73359375 0.54140625 0.04453125 0.22734375
2 0.85390625 0.77109375 0.08125 0.27109375