1 0.87578125 0.54453125 0.0984375 0.2265625
1 0.86640625 0.4203125 0.05625 0.0921875
1 0.85078125 0.38828125 0.0546875 0.11875
1 0.7078125 0.48984375 0.11875 0.2375
1 0.73203125 0.53359375 0.090625 0.209375
1 0.68046875 0.43671875 0.1109375 0.2
0 0.6546875 0.81015625 0.103125 0.2578125
2 0.50546875 0.61953125 0.1140625 0.2609375
2 0.44296875 0.4359375 0.0734375 0.1875
2 0.446875 0.68828125 0.1140625 0.24375
2 0.35 0.490625 0.075 0.184375
2 0.26953125 0.66171875 0.0796875 0.2296875
2 0.23984375 0.53125 0.053125 0.1421875