2 0.85546875 0.6984375 0.053125 0.2375
2 0.759375 0.5609375 0.0640625 0.16328125
2 0.76015625 0.45390625 0.03515625 0.1359375
2 0.66328125 0.4703125 0.0390625 0.1765625
2 0.60859375 0.403125 0.0453125 0.15078125
2 0.475 0.47578125 0.02734375 0.12578125
0 0.5125 0.82421875 0.05234375 0.24453125
1 0.396875 0.596875 0.040625 0.2125
1 0.41640625 0.509375 0.0234375 0.16328125
1 0.41328125 0.42265625 0.025 0.05703125
1 0.1984375 0.4828125 0.034375 0.16953125
1 0.12578125 0.60078125 0.06328125 0.2078125
1 0.11875 0.52578125 0.03046875 0.20859375