1 0.746875 0.37421875 0.08125 0.1734375
1 0.75234375 0.46015625 0.0921875 0.209375
1 0.71953125 0.5140625 0.1140625 0.278125
1 0.67421875 0.559375 0.1109375 0.2234375
1 0.5875 0.515625 0.1125 0.2203125
1 0.56328125 0.40703125 0.075 0.1640625
0 0.55234375 0.83046875 0.109375 0.2578125
2 0.4609375 0.65078125 0.09375 0.2171875
2 0.47734375 0.6 0.0890625 0.1984375
2 0.35078125 0.5125 0.0859375 0.1796875
2 0.19453125 0.734375 0.0984375 0.2265625
2 0.21484375 0.53125 0.0875 0.1671875
2 0.1484375 0.60859375 0.0828125 0.1875