1 0.14453125 0.5625 0.0734375 0.2234375
1 0.27578125 0.6390625 0.0828125 0.2171875
1 0.27265625 0.47265625 0.071875 0.159375
1 0.5359375 0.63359375 0.075 0.23125
1 0.53984375 0.51640625 0.0703125 0.2140625
1 0.5078125 0.38984375 0.0578125 0.1578125
0 0.603125 0.86328125 0.090625 0.259375
2 0.675 0.671875 0.1 0.2125
2 0.628125 0.47890625 0.084375 0.2609375
2 0.6890625 0.45 0.078125 0.1953125
2 0.67109375 0.3390625 0.05 0.1546875
2 0.7984375 0.459375 0.09375 0.2859375
2 0.95390625 0.54765625 0.0921875 0.2296875