1 0.8140625 0.57734375 0.0859375 0.190625
1 0.7515625 0.6484375 0.1 0.18125
1 0.70625 0.49140625 0.0609375 0.1453125
1 0.49453125 0.621875 0.0859375 0.171875
1 0.47734375 0.53359375 0.0671875 0.1796875
1 0.4921875 0.41875 0.0671875 0.153125
0 0.4046875 0.815625 0.0984375 0.221875
2 0.30078125 0.65234375 0.1 0.1984375
2 0.41953125 0.49140625 0.0765625 0.2046875
2 0.3265625 0.3734375 0.0609375 0.1296875
2 0.278125 0.45 0.0859375 0.1671875
2 0.22265625 0.5234375 0.096875 0.2
2 0.18984375 0.4359375 0.06875 0.1421875