1 0.57734375 0.53828125 0.053125 0.1984375
2 0.51875 0.471875 0.0625 0.1203125
2 0.38359375 0.37734375 0.05 0.1609375
2 0.34140625 0.4453125 0.0734375 0.1953125
2 0.23828125 0.53046875 0.0953125 0.1875
2 0.2421875 0.42890625 0.0796875 0.159375
2 0.11015625 0.64921875 0.0859375 0.2515625
0 0.43515625 0.825 0.0859375 0.2484375
1 0.584375 0.609375 0.0609375 0.2125
1 0.5875 0.4859375 0.0484375 0.171875
1 0.86015625 0.6578125 0.0953125 0.209375
1 0.8890625 0.5828125 0.08125 0.21875
1 0.809375 0.5203125 0.0609375 0.1796875