0 0.56953125 0.8734375 0.06015625 0.25234375
1 0.16328125 0.5046875 0.04375 0.22734375
1 0.259375 0.56875 0.05546875 0.22578125
1 0.30546875 0.4375 0.03359375 0.18046875
1 0.52109375 0.6078125 0.05234375 0.22265625
1 0.52578125 0.42421875 0.0484375 0.18046875
1 0.53828125 0.34453125 0.034375 0.09609375
2 0.675 0.4984375 0.065625 0.22109375
2 0.73125 0.42578125 0.03671875 0.18671875
2 0.784375 0.3546875 0.046875 0.1203125
2 0.96484375 0.53125 0.06953125 0.190625
2 0.80234375 0.57109375 0.06484375 0.2015625
2 0.82890625 0.69375 0.065625 0.2328125