1 0.73515625 0.64765625 0.0640625 0.21875
1 0.69453125 0.584375 0.065625 0.1890625
1 0.73515625 0.49140625 0.0671875 0.1796875
1 0.76171875 0.41015625 0.0453125 0.159375
1 0.5640625 0.5109375 0.06875 0.209375
1 0.5265625 0.42578125 0.05 0.171875
0 0.45859375 0.81953125 0.071875 0.2359375
2 0.44609375 0.6390625 0.065625 0.175
2 0.44375 0.57421875 0.05625 0.1515625
2 0.35625 0.509375 0.08125 0.1875
2 0.17578125 0.4921875 0.0609375 0.1546875
2 0.1390625 0.696875 0.059375 0.2140625
2 0.1125 0.54921875 0.0640625 0.184375