1 0.41796875 0.52734375 0.02578125 0.196875
2 0.48515625 0.46953125 0.04765625 0.1140625
2 0.63203125 0.39453125 0.028125 0.1578125
2 0.66484375 0.46796875 0.04765625 0.18984375
2 0.7546875 0.56640625 0.07109375 0.17890625
2 0.76484375 0.465625 0.05859375 0.153125
2 0.86484375 0.70234375 0.0515625 0.24609375
0 0.51875 0.83046875 0.053125 0.24375
1 0.4015625 0.596875 0.03125 0.2109375
1 0.415625 0.47421875 0.02578125 0.16953125
1 0.12109375 0.60625 0.06796875 0.2015625
1 0.103125 0.528125 0.05234375 0.21328125
1 0.190625 0.47734375 0.03671875 0.1765625