0 0.4625 0.875 0.08125 0.25
1 0.8359375 0.475 0.0640625 0.2296875
1 0.7453125 0.54765625 0.075 0.2296875
1 0.68828125 0.42109375 0.0484375 0.1828125
1 0.48828125 0.609375 0.071875 0.2265625
1 0.46796875 0.4265625 0.0640625 0.184375
1 0.4484375 0.3484375 0.0421875 0.0984375
2 0.32578125 0.5140625 0.084375 0.2265625
2 0.26328125 0.44609375 0.053125 0.1890625
2 0.20390625 0.3796875 0.0578125 0.1234375
2 0.04140625 0.57109375 0.0828125 0.1953125
2 0.2046875 0.596875 0.0828125 0.20625
2 0.1890625 0.721875 0.0859375 0.2375