1 0.03203125 0.5359375 0.0640625 0.209375
1 0.1953125 0.41328125 0.053125 0.165625
1 0.18671875 0.64921875 0.0734375 0.246875
1 0.39453125 0.62734375 0.10625 0.2140625
1 0.5421875 0.3796875 0.034375 0.240625
1 0.54140625 0.28359375 0.0390625 0.21875
0 0.55625 0.88046875 0.065625 0.2375
2 0.68515625 0.6609375 0.0609375 0.2546875
2 0.60390625 0.53828125 0.05625 0.1921875
2 0.6828125 0.46875 0.09375 0.2015625
2 0.8765625 0.5171875 0.0671875 0.23125
2 0.6875 0.3171875 0.0421875 0.1515625
2 0.6625 0.28515625 0.0609375 0.2140625