1 0.275 0.67421875 0.03984375 0.19296875
1 0.21953125 0.43203125 0.059375 0.1421875
1 0.26796875 0.5078125 0.034375 0.18359375
1 0.296875 0.58828125 0.04765625 0.16328125
1 0.4453125 0.50234375 0.046875 0.19375
1 0.48125 0.43046875 0.02890625 0.17109375
0 0.57109375 0.81640625 0.05390625 0.23671875
2 0.8796875 0.66640625 0.04609375 0.21015625
2 0.58359375 0.625 0.06640625 0.16875
2 0.584375 0.55703125 0.053125 0.16484375
2 0.63046875 0.49765625 0.04921875 0.18203125
2 0.8296875 0.4703125 0.04765625 0.15390625
2 0.90625 0.51484375 0.0515625 0.16875