1 0.1734375 0.44921875 0.1046875 0.18125
1 0.23359375 0.534375 0.103125 0.18125
1 0.30625 0.41015625 0.0625 0.1390625
1 0.45546875 0.60546875 0.1078125 0.1984375
1 0.52265625 0.5203125 0.0734375 0.1859375
1 0.54453125 0.4203125 0.0734375 0.1421875
0 0.45625 0.83125 0.1 0.23125
2 0.59453125 0.7015625 0.1125 0.203125
2 0.58125 0.528125 0.0734375 0.2046875
2 0.69140625 0.4515625 0.078125 0.15
2 0.73515625 0.640625 0.0828125 0.1953125
2 0.7546875 0.54375 0.0734375 0.1640625
2 0.81484375 0.590625 0.0796875 0.16875