0 0.503125 0.83828125 0.059375 0.2296875
2 0.81953125 0.72265625 0.0875 0.209375
2 0.76796875 0.58671875 0.0765625 0.2078125
2 0.7984375 0.4640625 0.0390625 0.1203125
2 0.76796875 0.4265625 0.05 0.1171875
2 0.66875 0.48359375 0.040625 0.165625
2 0.5625 0.51015625 0.05 0.1859375
1 0.55859375 0.38359375 0.0328125 0.0765625
1 0.4734375 0.59453125 0.0453125 0.19375
1 0.4984375 0.52734375 0.0375 0.1890625
1 0.2 0.60625 0.0515625 0.190625
1 0.2328125 0.49375 0.04375 0.1828125
1 0.3015625 0.434375 0.034375 0.15