1 0.27578125 0.6640625 0.0484375 0.215625
1 0.31171875 0.59765625 0.05234375 0.18515625
1 0.26484375 0.5078125 0.0546875 0.1765625
1 0.2328125 0.42890625 0.03515625 0.1578125
1 0.43671875 0.515625 0.0546875 0.20625
1 0.46796875 0.428125 0.0375 0.16953125
0 0.56328125 0.815625 0.05546875 0.23203125
2 0.56328125 0.63515625 0.053125 0.171875
2 0.5609375 0.5703125 0.0453125 0.1484375
2 0.64375 0.49921875 0.06875 0.1828125
2 0.82265625 0.46953125 0.05078125 0.15078125
2 0.8734375 0.67109375 0.0453125 0.2109375
2 0.88984375 0.521875 0.0515625 0.18125