1 0.83828125 0.65 0.0640625 0.121875
1 0.53203125 0.5453125 0.0390625 0.1171875
1 0.51015625 0.5640625 0.0359375 0.1109375
1 0.446875 0.56015625 0.0359375 0.1265625
1 0.42109375 0.58046875 0.0390625 0.1265625
1 0.39921875 0.56953125 0.0359375 0.1375
0 0.3171875 0.73984375 0.053125 0.1515625
2 0.27109375 0.51875 0.0390625 0.103125
2 0.25546875 0.49140625 0.0375 0.0921875
2 0.23203125 0.53359375 0.0375 0.1109375
2 0.14609375 0.51328125 0.04375 0.103125
2 0.0765625 0.6046875 0.0390625 0.140625
2 0.08828125 0.55234375 0.0359375 0.09375