1 0.13984375 0.51875 0.04765625 0.21875
1 0.26015625 0.6109375 0.0578125 0.2109375
1 0.27734375 0.4453125 0.05390625 0.1546875
1 0.51953125 0.63671875 0.046875 0.22734375
1 0.5375 0.52109375 0.0453125 0.21015625
1 0.52109375 0.39140625 0.03984375 0.15390625
0 0.5578125 0.8734375 0.0609375 0.253125
2 0.65234375 0.6921875 0.07578125 0.2046875
2 0.6296875 0.49453125 0.05390625 0.25625
2 0.69375 0.4734375 0.0546875 0.18984375
2 0.6890625 0.3609375 0.03203125 0.1515625
2 0.80078125 0.49609375 0.06015625 0.28046875
2 0.9515625 0.603125 0.0796875 0.22109375