1 0.8703125 0.60546875 0.0515625 0.1125
1 0.53359375 0.54140625 0.025 0.1140625
1 0.51328125 0.5640625 0.021875 0.1078125
1 0.453125 0.5671875 0.01875 0.125
1 0.43046875 0.5921875 0.021875 0.125
1 0.40703125 0.58203125 0.0171875 0.134375
2 0.275 0.553125 0.025 0.09375
2 0.2546875 0.5265625 0.028125 0.090625
2 0.2375 0.57265625 0.0234375 0.109375
2 0.15078125 0.56328125 0.034375 0.1
2 0.09453125 0.66328125 0.0265625 0.1359375
2 0.09921875 0.6078125 0.0234375 0.0953125
0 0.35 0.76015625 0.0296875 0.146875