1 0.8078125 0.43125 0.053125 0.1328125
1 0.74921875 0.51328125 0.0515625 0.19375
1 0.759375 0.67265625 0.06875 0.2
1 0.71640625 0.58984375 0.06875 0.1890625
1 0.5421875 0.47890625 0.0484375 0.184375
1 0.4984375 0.43515625 0.040625 0.175
0 0.4203125 0.82734375 0.059375 0.2390625
2 0.41015625 0.625 0.0453125 0.178125
2 0.4015625 0.54375 0.040625 0.1484375
2 0.38984375 0.490625 0.0375 0.1125
2 0.14921875 0.4890625 0.0515625 0.1640625
2 0.1140625 0.67578125 0.0484375 0.23125
2 0.0625 0.5375 0.0453125 0.18125