1 0.1921875 0.4625 0.04296875 0.14140625
1 0.2609375 0.525 0.04140625 0.1875
1 0.2859375 0.67109375 0.0375 0.215625
1 0.309375 0.58046875 0.0375 0.196875
1 0.4734375 0.46484375 0.03984375 0.1875
1 0.52109375 0.428125 0.03125 0.16953125
0 0.6046875 0.828125 0.0453125 0.234375
2 0.6171875 0.61875 0.04375 0.19453125
2 0.62421875 0.52421875 0.0390625 0.17109375
2 0.6140625 0.46640625 0.03359375 0.10703125
2 0.9 0.64453125 0.0546875 0.2109375
2 0.87578125 0.47890625 0.040625 0.16015625
2 0.9578125 0.52890625 0.0375 0.18125