2 0.61328125 0.56796875 0.0671875 0.16953125
2 0.87421875 0.77109375 0.08359375 0.2671875
2 0.71015625 0.52421875 0.06171875 0.19296875
2 0.65546875 0.43125 0.0375 0.2171875
2 0.72265625 0.34609375 0.0578125 0.16875
2 0.55703125 0.40234375 0.0578125 0.1
0 0.52421875 0.8609375 0.06171875 0.26953125
1 0.4421875 0.60234375 0.03515625 0.240625
1 0.4578125 0.53359375 0.03515625 0.23125
1 0.4578125 0.428125 0.02734375 0.12578125
1 0.0875 0.61796875 0.06640625 0.246875
1 0.1515625 0.45 0.0359375 0.1875
1 0.03828125 0.51328125 0.04140625 0.2375