1 0.14375 0.6015625 0.0484375 0.115625
1 0.46171875 0.540625 0.0234375 0.11484375
1 0.48125 0.56171875 0.0203125 0.10859375
1 0.54453125 0.5671875 0.01875 0.125
1 0.5671875 0.590625 0.02265625 0.125
1 0.58984375 0.5828125 0.0171875 0.13671875
0 0.64765625 0.76328125 0.03203125 0.1484375
2 0.72421875 0.55078125 0.025 0.1
2 0.74296875 0.52578125 0.02578125 0.0890625
2 0.7609375 0.5703125 0.021875 0.10859375
2 0.8484375 0.5625 0.03046875 0.1
2 0.9046875 0.6625 0.0203125 0.13984375
2 0.9 0.609375 0.02265625 0.09140625