2 0.0984375 0.63671875 0.0390625 0.134375
2 0.12421875 0.5625 0.0453125 0.0953125
2 0.29140625 0.51484375 0.0359375 0.1203125
2 0.25625 0.53984375 0.04375 0.115625
2 0.165625 0.51328125 0.053125 0.1078125
2 0.2796875 0.46875 0.0359375 0.071875
0 0.3578125 0.7609375 0.046875 0.1625
1 0.82578125 0.6375 0.0375 0.13125
1 0.58359375 0.5390625 0.034375 0.1265625
1 0.559375 0.55 0.03125 0.1203125
1 0.48828125 0.5578125 0.0375 0.13125
1 0.4609375 0.565625 0.034375 0.13125
1 0.4359375 0.571875 0.034375 0.1515625