1 0.146875 0.59296875 0.05859375 0.19921875
1 0.384375 0.58125 0.0390625 0.19453125
1 0.17265625 0.53046875 0.04296875 0.18984375
1 0.228125 0.48984375 0.03359375 0.1640625
1 0.4125 0.540625 0.0328125 0.2015625
1 0.41640625 0.425 0.02109375 0.0390625
2 0.4921875 0.48984375 0.03984375 0.15625
2 0.60859375 0.4234375 0.03203125 0.13671875
2 0.675 0.45546875 0.0546875 0.1734375
2 0.828125 0.65703125 0.040625 0.2125
2 0.7765625 0.54921875 0.0296875 0.165625
2 0.7578125 0.459375 0.03046875 0.165625
0 0.50703125 0.77109375 0.04921875 0.15625