0 0.465625 0.8828125 0.103125 0.234375
2 0.17421875 0.68515625 0.1125 0.2328125
2 0.07890625 0.6171875 0.0796875 0.184375
2 0.0265625 0.65390625 0.046875 0.190625
2 0.32890625 0.6890625 0.0890625 0.23125
2 0.3171875 0.56015625 0.0734375 0.190625
2 0.3171875 0.4390625 0.096875 0.1703125
1 0.40546875 0.4578125 0.0734375 0.1859375
1 0.36875 0.4203125 0.0765625 0.2390625
1 0.56171875 0.615625 0.109375 0.19375
1 0.6359375 0.55234375 0.1 0.175
1 0.72734375 0.49296875 0.078125 0.1828125
1 0.696875 0.46796875 0.0671875 0.14375