2 0.93203125 0.5234375 0.0546875 0.21328125
2 0.69921875 0.59921875 0.08046875 0.17578125
2 0.74921875 0.47109375 0.06875 0.196875
2 0.8140625 0.3484375 0.0453125 0.14140625
2 0.65703125 0.47421875 0.05078125 0.20859375
2 0.6859375 0.3703125 0.04296875 0.17109375
0 0.5703125 0.875 0.0625 0.25
1 0.396875 0.61953125 0.0796875 0.22890625
1 0.27578125 0.56796875 0.07578125 0.23359375
1 0.084375 0.48359375 0.0546875 0.2265625
1 0.30625 0.428125 0.05859375 0.125
1 0.55 0.39140625 0.04453125 0.1859375
1 0.55 0.32890625 0.04296875 0.08203125