2 0.60703125 0.57734375 0.08125 0.175
2 0.84921875 0.80234375 0.10625 0.2734375
2 0.70703125 0.5421875 0.078125 0.196875
2 0.6609375 0.4453125 0.05625 0.2203125
2 0.73515625 0.36640625 0.071875 0.1734375
2 0.565625 0.4078125 0.065625 0.1046875
0 0.49296875 0.86171875 0.084375 0.2734375
1 0.43359375 0.596875 0.05625 0.2421875
1 0.4546875 0.5296875 0.0546875 0.2328125
1 0.4640625 0.425 0.0375 0.128125
1 0.07890625 0.58125 0.0875 0.2515625
1 0.15703125 0.41953125 0.0515625 0.190625
1 0.0390625 0.47265625 0.0625 0.240625