1 0.85390625 0.56875 0.078125 0.2234375
1 0.721875 0.64296875 0.0859375 0.2171875
1 0.728125 0.4765625 0.075 0.1609375
1 0.46171875 0.6328125 0.078125 0.23125
1 0.46015625 0.515625 0.0734375 0.2140625
1 0.49453125 0.38984375 0.0609375 0.1578125
0 0.390625 0.86171875 0.0953125 0.259375
2 0.32265625 0.66875 0.103125 0.2125
2 0.37265625 0.4765625 0.0890625 0.2609375
2 0.31171875 0.446875 0.08125 0.1953125
2 0.33203125 0.3359375 0.053125 0.1546875
2 0.20234375 0.45390625 0.0984375 0.2859375
2 0.04609375 0.53828125 0.0921875 0.2296875