2 0.609375 0.5734375 0.0765625 0.1734375
2 0.859375 0.790625 0.096875 0.271875
2 0.70859375 0.53515625 0.071875 0.1953125
2 0.65859375 0.43984375 0.0484375 0.21875
2 0.73046875 0.3578125 0.0671875 0.171875
2 0.56171875 0.40546875 0.0625 0.103125
0 0.50546875 0.86171875 0.075 0.271875
1 0.43671875 0.59921875 0.0484375 0.2421875
1 0.45625 0.53125 0.046875 0.2328125
1 0.46171875 0.42578125 0.034375 0.1265625
1 0.08203125 0.59609375 0.0796875 0.25
1 0.1546875 0.43203125 0.0453125 0.1890625
1 0.03828125 0.4890625 0.053125 0.2390625