2 0.884375 0.63359375 0.09375 0.24375
2 0.76640625 0.51484375 0.0921875 0.171875
2 0.7484375 0.409375 0.0578125 0.140625
2 0.65546875 0.4421875 0.06875 0.18125
2 0.58984375 0.3859375 0.0703125 0.15625
2 0.47109375 0.48046875 0.0484375 0.128125
0 0.56875 0.8171875 0.09375 0.25
1 0.415625 0.61328125 0.0765625 0.215625
1 0.41953125 0.5234375 0.0515625 0.165625
1 0.40078125 0.4390625 0.034375 0.0609375
1 0.2 0.53515625 0.0640625 0.1734375
1 0.14921875 0.6640625 0.0984375 0.215625
1 0.12890625 0.59140625 0.065625 0.2109375