1 0.1453125 0.61796875 0.06875 0.2265625
1 0.1328125 0.5171875 0.040625 0.15
1 0.14609375 0.47734375 0.04140625 0.16484375
1 0.29609375 0.53046875 0.07578125 0.22890625
1 0.2890625 0.58125 0.05703125 0.20234375
1 0.31484375 0.46953125 0.078125 0.1921875
2 0.5078125 0.61953125 0.06875 0.25234375
2 0.54609375 0.428125 0.04296875 0.18046875
2 0.65078125 0.4625 0.040625 0.17578125
2 0.5875 0.675 0.06875 0.23203125
2 0.76015625 0.61640625 0.04140625 0.22734375
2 0.75859375 0.4984375 0.0375 0.16328125
0 0.4078125 0.83671875 0.0609375 0.25390625