1 0.1671875 0.55859375 0.075 0.2265625
1 0.259375 0.62578125 0.1046875 0.240625
1 0.28671875 0.47109375 0.0609375 0.171875
1 0.53515625 0.6125 0.0765625 0.228125
1 0.52890625 0.459375 0.0640625 0.1796875
1 0.53515625 0.378125 0.05625 0.1828125
0 0.6171875 0.86015625 0.09375 0.2609375
2 0.6484375 0.46171875 0.0875 0.2703125
2 0.7953125 0.67109375 0.1140625 0.25
2 0.71328125 0.421875 0.0734375 0.2
2 0.7296875 0.315625 0.0640625 0.134375
2 0.89453125 0.54609375 0.08125 0.2125
2 0.9 0.4765625 0.128125 0.1984375