1 0.1890625 0.59921875 0.0484375 0.159375
1 0.29921875 0.52734375 0.03359375 0.1703125
1 0.33671875 0.5109375 0.0265625 0.14765625
1 0.43671875 0.565625 0.0390625 0.153125
1 0.484375 0.55390625 0.02421875 0.165625
1 0.48203125 0.51484375 0.02109375 0.14609375
0 0.56015625 0.76640625 0.03828125 0.16171875
2 0.63359375 0.52421875 0.025 0.13203125
2 0.6671875 0.48984375 0.028125 0.1359375
2 0.7078125 0.4625 0.04453125 0.12890625
2 0.80078125 0.51640625 0.04765625 0.125
2 0.83515625 0.6359375 0.0453125 0.15859375
2 0.8328125 0.546875 0.03359375 0.0890625