1 0.24609375 0.628125 0.0765625 0.196875
1 0.2375 0.3796875 0.0859375 0.1515625
1 0.27109375 0.46328125 0.06875 0.1875
1 0.28359375 0.54765625 0.078125 0.16875
1 0.44609375 0.4921875 0.0828125 0.1984375
1 0.49453125 0.428125 0.0609375 0.1734375
0 0.509375 0.82421875 0.0984375 0.2421875
2 0.840625 0.7359375 0.0859375 0.215625
2 0.55859375 0.63828125 0.096875 0.178125
2 0.571875 0.571875 0.084375 0.171875
2 0.62890625 0.52265625 0.0828125 0.1875
2 0.82890625 0.53359375 0.0765625 0.1609375
2 0.89609375 0.5921875 0.0828125 0.175