2 0.88515625 0.67734375 0.034375 0.1328125
2 0.8671875 0.60078125 0.0421875 0.09375
2 0.70625 0.53671875 0.0328125 0.1203125
2 0.73828125 0.565625 0.0390625 0.115625
2 0.83125 0.5484375 0.0484375 0.10625
2 0.72265625 0.4921875 0.034375 0.0703125
0 0.6140625 0.77421875 0.040625 0.1609375
1 0.16171875 0.60234375 0.0328125 0.13125
1 0.41328125 0.5296875 0.0296875 0.1265625
1 0.4359375 0.54375 0.028125 0.11875
1 0.50546875 0.55859375 0.0328125 0.13125
1 0.53203125 0.56875 0.0296875 0.13125
1 0.55625 0.578125 0.028125 0.1515625