2 0.86796875 0.77109375 0.09765625 0.2765625
2 0.71953125 0.53515625 0.0578125 0.22734375
2 0.60625 0.56640625 0.0546875 0.16796875
2 0.5609375 0.39609375 0.03984375 0.1140625
2 0.65078125 0.42890625 0.0484375 0.21796875
2 0.73203125 0.3375 0.05 0.16796875
0 0.521875 0.86328125 0.06484375 0.2734375
1 0.44921875 0.6015625 0.0359375 0.24921875
1 0.4703125 0.5125 0.03203125 0.19296875
1 0.4671875 0.42578125 0.028125 0.13046875
1 0.090625 0.61640625 0.0671875 0.2515625
1 0.15546875 0.44375 0.03125 0.1859375
1 0.028125 0.5140625 0.0546875 0.2390625