1 0.17265625 0.546875 0.0796875 0.1734375
1 0.25546875 0.6109375 0.078125 0.175
1 0.2890625 0.47109375 0.0421875 0.1359375
1 0.48828125 0.61328125 0.08125 0.1921875
1 0.52734375 0.51328125 0.0453125 0.184375
1 0.51953125 0.4109375 0.053125 0.1390625
0 0.55546875 0.8296875 0.065625 0.228125
2 0.64921875 0.66484375 0.0828125 0.196875
2 0.58671875 0.503125 0.0421875 0.2046875
2 0.66875 0.39765625 0.05625 0.1453125
2 0.76640625 0.565625 0.0546875 0.19375
2 0.75625 0.4671875 0.05 0.1609375
2 0.828125 0.49453125 0.05625 0.165625