2 0.7109375 0.6453125 0.04453125 0.2203125
2 0.77734375 0.45 0.065625 0.1484375
2 0.63671875 0.575 0.06328125 0.20078125
2 0.67578125 0.49765625 0.04375 0.20703125
2 0.62265625 0.4609375 0.0453125 0.16796875
0 0.57734375 0.85078125 0.05625 0.24375
1 0.49453125 0.6296875 0.053125 0.22578125
1 0.5578125 0.55234375 0.0359375 0.22421875
1 0.53125 0.43359375 0.0328125 0.17734375
1 0.275 0.46484375 0.06328125 0.15390625
1 0.21484375 0.61171875 0.071875 0.21015625
1 0.1828125 0.51171875 0.0515625 0.21015625