1 0.278125 0.56171875 0.075 0.19375
1 0.284375 0.49453125 0.04765625 0.1609375
1 0.41953125 0.57421875 0.06640625 0.17421875
1 0.47578125 0.63125 0.08125 0.19765625
1 0.584375 0.43046875 0.04140625 0.19375
1 0.6328125 0.43671875 0.034375 0.19140625
0 0.62890625 0.88046875 0.0578125 0.2390625
2 0.73359375 0.6265625 0.053125 0.21015625
2 0.7125 0.50703125 0.02734375 0.22109375
2 0.675 0.44375 0.03359375 0.10390625
2 0.90390625 0.61875 0.0515625 0.22578125
2 0.9828125 0.51484375 0.03359375 0.18515625