2 0.84765625 0.7015625 0.059375 0.1546875
2 0.834375 0.6296875 0.0453125 0.11875
2 0.8140625 0.575 0.0578125 0.1328125
2 0.69609375 0.57421875 0.0484375 0.1203125
2 0.69453125 0.51484375 0.034375 0.0765625
2 0.71875 0.5203125 0.0546875 0.1265625
0 0.5640625 0.78125 0.0578125 0.1625
1 0.471875 0.55625 0.0453125 0.1328125
1 0.52421875 0.57109375 0.0421875 0.1625
1 0.50625 0.553125 0.046875 0.1484375
1 0.39453125 0.52421875 0.0390625 0.1328125
1 0.36328125 0.51796875 0.053125 0.146875
1 0.18828125 0.5109375 0.059375 0.1609375