0 0.46953125 0.875 0.0859375 0.25
1 0.83515625 0.46953125 0.0671875 0.23125
1 0.746875 0.54296875 0.078125 0.2296875
1 0.68671875 0.4171875 0.0515625 0.1828125
1 0.490625 0.609375 0.075 0.2265625
1 0.46640625 0.42734375 0.0671875 0.184375
1 0.4453125 0.34921875 0.04375 0.0984375
2 0.32578125 0.51640625 0.0890625 0.2265625
2 0.2625 0.45 0.05625 0.1890625
2 0.20234375 0.38515625 0.059375 0.125
2 0.0421875 0.5796875 0.084375 0.196875
2 0.20703125 0.60234375 0.0859375 0.2078125
2 0.19296875 0.72734375 0.0890625 0.2390625