1 0.8203125 0.67578125 0.1046875 0.2078125
1 0.5921875 0.60703125 0.084375 0.1984375
1 0.81015625 0.60859375 0.0875 0.1953125
1 0.76640625 0.55625 0.071875 0.1671875
1 0.575 0.5609375 0.08125 0.203125
1 0.59921875 0.44765625 0.0296875 0.04375
2 0.51015625 0.4921875 0.0765625 0.1609375
2 0.41328125 0.39921875 0.0640625 0.140625
2 0.340625 0.41484375 0.0953125 0.18125
2 0.14375 0.57265625 0.090625 0.215625
2 0.21953125 0.48046875 0.06875 0.1671875
2 0.259375 0.3984375 0.0703125 0.16875
0 0.42734375 0.76171875 0.0859375 0.1640625