2 0.87265625 0.41015625 0.0609375 0.159375
2 0.7359375 0.5890625 0.084375 0.2125
2 0.65703125 0.55234375 0.1046875 0.2125
2 0.61875 0.4828125 0.0796875 0.1984375
2 0.65234375 0.4078125 0.0765625 0.1359375
2 0.5984375 0.40546875 0.0703125 0.15625
0 0.5953125 0.825 0.1 0.234375
1 0.47734375 0.6109375 0.0875 0.209375
1 0.5 0.5125 0.075 0.196875
1 0.5296875 0.42890625 0.09375 0.1640625
1 0.271875 0.49375 0.0734375 0.1546875
1 0.2140625 0.6765625 0.109375 0.2109375
1 0.19453125 0.575 0.1046875 0.1890625