1 0.875 0.5515625 0.09375 0.2265625
1 0.86796875 0.4265625 0.0546875 0.0921875
1 0.85234375 0.39453125 0.0515625 0.11875
1 0.70859375 0.49375 0.115625 0.2375
1 0.73125 0.5375 0.0875 0.209375
1 0.68125 0.440625 0.1078125 0.1984375
0 0.65 0.81328125 0.0984375 0.2578125
2 0.50390625 0.6203125 0.109375 0.2609375
2 0.44453125 0.43515625 0.0703125 0.1875
2 0.44375 0.6875 0.109375 0.24375
2 0.35 0.48828125 0.071875 0.184375
2 0.2671875 0.6578125 0.0765625 0.2296875
2 0.2390625 0.52734375 0.05 0.1421875