2 0.42265625 0.6296875 0.053125 0.2203125
2 0.44921875 0.5875 0.06875 0.2
2 0.34765625 0.47421875 0.0640625 0.178125
2 0.13359375 0.640625 0.0640625 0.2265625
2 0.2125 0.44609375 0.0640625 0.159375
2 0.1265625 0.4984375 0.0546875 0.184375
0 0.44921875 0.8296875 0.0765625 0.253125
1 0.575 0.53828125 0.08125 0.2109375
1 0.5828125 0.43046875 0.0484375 0.1609375
1 0.6609375 0.6109375 0.1015625 0.2171875
1 0.7125 0.55078125 0.065625 0.325
1 0.75546875 0.53515625 0.0515625 0.20625
1 0.76796875 0.4484375 0.0671875 0.175