0 0.5140625 0.83828125 0.0546875 0.225
2 0.7890625 0.646875 0.04765625 0.2046875
2 0.7296875 0.5796875 0.046875 0.1921875
2 0.82890625 0.453125 0.02890625 0.153125
2 0.60546875 0.5171875 0.04453125 0.1984375
2 0.65546875 0.44453125 0.0265625 0.1296875
2 0.6609375 0.371875 0.0265625 0.071875
1 0.18046875 0.6109375 0.04609375 0.2109375
1 0.234375 0.50625 0.0359375 0.1828125
1 0.33046875 0.4546875 0.040625 0.146875
1 0.45859375 0.5859375 0.04296875 0.1921875
1 0.49453125 0.51171875 0.03515625 0.19375
1 0.61328125 0.3921875 0.0484375 0.1328125