1 0.0296875 0.5203125 0.059375 0.20703125
1 0.1984375 0.40234375 0.046875 0.1640625
1 0.18203125 0.63828125 0.065625 0.2453125
1 0.38984375 0.6234375 0.09921875 0.2109375
1 0.54609375 0.38125 0.02578125 0.240625
1 0.54921875 0.28515625 0.03125 0.21796875
0 0.54296875 0.88203125 0.0578125 0.2359375
2 0.6796875 0.6671875 0.05234375 0.253125
2 0.60234375 0.5421875 0.05 0.18984375
2 0.68359375 0.475 0.0875 0.19921875
2 0.87578125 0.53046875 0.05859375 0.22890625
2 0.69375 0.32421875 0.0375 0.15078125
2 0.66953125 0.290625 0.05390625 0.2125