0 0.390625 0.83671875 0.1328125 0.2671875
2 0.06640625 0.65 0.1265625 0.2734375
2 0.3078125 0.53125 0.090625 0.203125
2 0.27890625 0.45703125 0.0859375 0.19375
2 0.36015625 0.40859375 0.090625 0.221875
2 0.34453125 0.325 0.078125 0.15
2 0.503125 0.42578125 0.0640625 0.1015625
1 0.553125 0.62421875 0.0921875 0.23125
1 0.55625 0.52890625 0.0734375 0.1734375
1 0.5796875 0.453125 0.0546875 0.1265625
1 0.86015625 0.71953125 0.1078125 0.2515625
1 0.84453125 0.54921875 0.0953125 0.190625
1 0.92578125 0.63515625 0.1078125 0.225