2 0.89140625 0.6640625 0.0296875 0.13203125
2 0.8703125 0.58828125 0.0390625 0.09296875
2 0.70703125 0.5296875 0.028125 0.11875
2 0.740625 0.55703125 0.03515625 0.1140625
2 0.8328125 0.53671875 0.0453125 0.1046875
2 0.721875 0.484375 0.03125 0.06953125
0 0.6234375 0.7703125 0.03515625 0.16015625
1 0.165625 0.6140625 0.02890625 0.1296875
1 0.4140625 0.5328125 0.02578125 0.125
1 0.4375 0.54609375 0.0234375 0.11875
1 0.5078125 0.55859375 0.028125 0.1296875
1 0.534375 0.56796875 0.02578125 0.1296875
1 0.55859375 0.57578125 0.0234375 0.15078125