1 0.23203125 0.66953125 0.0796875 0.1890625
1 0.25234375 0.55546875 0.0859375 0.1859375
1 0.2984375 0.47734375 0.0578125 0.15
1 0.4875 0.596875 0.0734375 0.2046875
1 0.5015625 0.5265625 0.06875 0.1984375
1 0.534375 0.3765625 0.0546875 0.1046875
0 0.5796875 0.83046875 0.096875 0.234375
2 0.5734375 0.49375 0.09375 0.2125
2 0.6515625 0.44296875 0.065625 0.159375
2 0.721875 0.35859375 0.071875 0.1375
2 0.7796875 0.51171875 0.1046875 0.20625
2 0.878125 0.63203125 0.103125 0.2109375
2 0.78828125 0.3953125 0.0609375 0.15