2 0.9046875 0.665625 0.0203125 0.12890625
2 0.90625 0.60859375 0.02265625 0.096875
2 0.846875 0.5640625 0.03125 0.09921875
2 0.76328125 0.57109375 0.02109375 0.1015625
2 0.7265625 0.559375 0.02734375 0.08203125
2 0.74609375 0.52890625 0.02578125 0.090625
0 0.6515625 0.75703125 0.034375 0.14375
1 0.553125 0.56484375 0.0203125 0.12109375
1 0.57578125 0.59453125 0.021875 0.11875
1 0.5984375 0.58359375 0.0171875 0.13125
1 0.4765625 0.53828125 0.01953125 0.1078125
1 0.49375 0.56484375 0.01640625 0.10625
1 0.10859375 0.5953125 0.03828125 0.1078125