1 0.80859375 0.65234375 0.0671875 0.1421875
1 0.58515625 0.5421875 0.04375 0.1296875
1 0.55859375 0.55703125 0.0359375 0.125
1 0.48671875 0.5578125 0.04375 0.134375
1 0.4578125 0.56171875 0.0421875 0.1375
1 0.4328125 0.565625 0.0421875 0.1515625
2 0.29375 0.50546875 0.040625 0.1171875
2 0.28125 0.46640625 0.0390625 0.0828125
2 0.25703125 0.52890625 0.0515625 0.11875
2 0.1671875 0.49609375 0.0625 0.121875
2 0.12578125 0.54296875 0.05 0.1078125
2 0.09140625 0.61796875 0.053125 0.1421875
0 0.34375 0.753125 0.0609375 0.1671875