1 0.1703125 0.621875 0.0421875 0.2265625
1 0.146875 0.55703125 0.03125 0.2140625
1 0.1703125 0.478125 0.046875 0.15
2 0.584375 0.6703125 0.0421875 0.2375
2 0.49765625 0.62265625 0.0796875 0.2453125
2 0.55078125 0.43671875 0.0453125 0.1796875
2 0.66484375 0.46328125 0.04375 0.171875
2 0.7640625 0.61953125 0.046875 0.2328125
2 0.77421875 0.5140625 0.0375 0.1859375
1 0.31796875 0.59921875 0.0671875 0.2109375
1 0.31328125 0.53671875 0.0734375 0.2234375
1 0.32265625 0.471875 0.06875 0.2
0 0.421875 0.8359375 0.0609375 0.2515625