2 0.08046875 0.62265625 0.034375 0.1296875
2 0.084375 0.565625 0.0328125 0.0984375
2 0.1484375 0.52734375 0.0421875 0.1015625
2 0.23046875 0.54296875 0.03125 0.103125
2 0.26875 0.53515625 0.0359375 0.084375
2 0.25234375 0.503125 0.034375 0.0921875
0 0.32265625 0.73984375 0.0484375 0.146875
1 0.440625 0.55859375 0.0328125 0.121875
1 0.41484375 0.5859375 0.034375 0.1203125
1 0.39375 0.57265625 0.03125 0.1328125
1 0.51953125 0.540625 0.03125 0.109375
1 0.49921875 0.56484375 0.028125 0.1078125
1 0.8796875 0.6359375 0.05 0.1109375