2 0.7328125 0.640625 0.0453125 0.196875
2 0.675 0.5828125 0.04140625 0.20625
2 0.60703125 0.515625 0.04140625 0.2015625
1 0.57578125 0.4078125 0.04140625 0.134375
2 0.62734375 0.42578125 0.0296875 0.15546875
2 0.653125 0.45 0.0453125 0.1203125
2 0.84609375 0.47265625 0.03203125 0.153125
0 0.51484375 0.8390625 0.05703125 0.22734375
1 0.4546875 0.6046875 0.0359375 0.20859375
1 0.4953125 0.51484375 0.03125 0.18984375
1 0.18671875 0.621875 0.05859375 0.1921875
1 0.20859375 0.50859375 0.03671875 0.17421875
1 0.29921875 0.45234375 0.0484375 0.1625