1 0.175 0.61328125 0.0515625 0.13671875
1 0.41015625 0.53125 0.028125 0.12734375
1 0.43515625 0.54921875 0.02109375 0.12265625
1 0.50625 0.559375 0.02734375 0.13203125
1 0.534375 0.56640625 0.02578125 0.13515625
1 0.55859375 0.5734375 0.02421875 0.15
2 0.70390625 0.53046875 0.0265625 0.11484375
2 0.72109375 0.49296875 0.0296875 0.08046875
2 0.7375 0.55859375 0.0375 0.11484375
2 0.83046875 0.53671875 0.04921875 0.11640625
2 0.86640625 0.58828125 0.0375 0.10390625
2 0.89140625 0.6671875 0.0359375 0.1390625
0 0.62421875 0.7703125 0.040625 0.16328125