2 0.5359375 0.64609375 0.0859375 0.2203125
2 0.52265625 0.5984375 0.096875 0.2046875
2 0.653125 0.5203125 0.0890625 0.1828125
2 0.809375 0.74140625 0.096875 0.228125
2 0.790625 0.5328125 0.0875 0.1640625
2 0.8578125 0.6078125 0.0828125 0.1875
0 0.4515625 0.8296875 0.1125 0.25625
1 0.4171875 0.51484375 0.1125 0.215625
1 0.440625 0.409375 0.071875 0.1640625
1 0.3140625 0.55859375 0.1328125 0.2265625
1 0.28203125 0.48671875 0.115625 0.325
1 0.2453125 0.45859375 0.0828125 0.2078125
1 0.25859375 0.371875 0.0921875 0.1796875