2 0.8828125 0.48984375 0.028125 0.15703125
2 0.7125 0.6359375 0.0421875 0.2078125
2 0.64296875 0.58359375 0.06328125 0.203125
2 0.61953125 0.5078125 0.040625 0.19453125
2 0.66796875 0.44140625 0.0515625 0.12734375
2 0.615625 0.428125 0.03984375 0.1515625
0 0.52578125 0.8375 0.053125 0.22890625
1 0.4546875 0.60390625 0.04609375 0.2046875
1 0.49765625 0.5125 0.03515625 0.19453125
1 0.54375 0.43671875 0.06328125 0.1546875
1 0.278125 0.44609375 0.04375 0.14921875
1 0.18359375 0.61328125 0.06953125 0.20078125
1 0.1859375 0.51015625 0.06953125 0.178125