2 0.75859375 0.584375 0.0890625 0.2015625
2 0.6890625 0.54140625 0.0875 0.2109375
2 0.6078125 0.49140625 0.0859375 0.20625
1 0.553125 0.39296875 0.0703125 0.140625
2 0.60703125 0.39921875 0.0640625 0.1578125
2 0.63828125 0.4171875 0.071875 0.128125
2 0.83125 0.3953125 0.065625 0.15625
0 0.590625 0.82734375 0.10625 0.234375
1 0.4796875 0.6125 0.08125 0.2109375
1 0.4984375 0.515625 0.0734375 0.1921875
1 0.221875 0.6890625 0.1 0.2
1 0.21796875 0.57421875 0.075 0.178125
1 0.29375 0.4984375 0.084375 0.16875