1 0.17421875 0.52109375 0.0859375 0.165625
1 0.2984375 0.478125 0.0734375 0.1734375
1 0.3390625 0.47109375 0.0609375 0.15
1 0.42265625 0.5484375 0.075 0.1578125
1 0.471875 0.5484375 0.0640625 0.1671875
1 0.47890625 0.51015625 0.05625 0.146875
0 0.49375 0.77265625 0.0765625 0.165625
2 0.6234375 0.55546875 0.05625 0.134375
2 0.66484375 0.53046875 0.0609375 0.1390625
2 0.7109375 0.5140625 0.075 0.1359375
2 0.7875 0.5890625 0.0765625 0.1328125
2 0.7921875 0.71328125 0.0828125 0.165625
2 0.81171875 0.62578125 0.0546875 0.0953125