0 0.4921875 0.83828125 0.059375 0.2265625
2 0.21328125 0.6515625 0.0515625 0.20625
2 0.271875 0.58359375 0.05 0.19375
2 0.1703125 0.45859375 0.03125 0.153125
2 0.39453125 0.51875 0.0484375 0.1984375
2 0.34375 0.446875 0.028125 0.1296875
2 0.33671875 0.375 0.028125 0.071875
1 0.82109375 0.60546875 0.05 0.2109375
1 0.765625 0.5015625 0.0390625 0.1828125
1 0.66875 0.4515625 0.04375 0.146875
1 0.54296875 0.58515625 0.046875 0.1921875
1 0.50546875 0.51171875 0.0390625 0.19375
1 0.38515625 0.39453125 0.05 0.134375