1 0.82578125 0.57421875 0.0796875 0.215625
1 0.771875 0.46953125 0.065625 0.171875
1 0.67421875 0.421875 0.05 0.159375
1 0.55546875 0.58359375 0.06875 0.1984375
1 0.50703125 0.51171875 0.05625 0.1953125
2 0.39609375 0.52734375 0.06875 0.203125
1 0.390625 0.40625 0.0515625 0.1171875
0 0.53203125 0.8328125 0.08125 0.225
2 0.34296875 0.4265625 0.046875 0.153125
2 0.3390625 0.4734375 0.046875 0.128125
2 0.30546875 0.60859375 0.0640625 0.203125
2 0.25546875 0.68203125 0.084375 0.203125
2 0.16484375 0.5078125 0.053125 0.153125