1 0.1765625 0.5046875 0.0515625 0.1859375
1 0.221875 0.58828125 0.06875 0.1734375
1 0.30078125 0.4453125 0.0359375 0.1421875
1 0.47734375 0.6203125 0.05625 0.165625
1 0.5140625 0.5375 0.034375 0.1765625
1 0.52578125 0.42265625 0.040625 0.1484375
0 0.521875 0.82890625 0.0578125 0.2171875
2 0.66015625 0.69375 0.065625 0.190625
2 0.58046875 0.51015625 0.0390625 0.2015625
2 0.69765625 0.415625 0.0375 0.125
2 0.72734375 0.50078125 0.05625 0.1609375
2 0.76484375 0.58515625 0.0625 0.19375
2 0.81640625 0.50703125 0.04375 0.1375