1 0.8453125 0.6421875 0.084375 0.23125
1 0.86484375 0.54296875 0.0515625 0.153125
1 0.8546875 0.50234375 0.053125 0.1671875
1 0.7015625 0.54453125 0.0921875 0.234375
1 0.7046875 0.59609375 0.0703125 0.20625
1 0.68671875 0.4828125 0.090625 0.196875
2 0.48359375 0.61875 0.0859375 0.25625
2 0.459375 0.425 0.0546875 0.1828125
2 0.35234375 0.45234375 0.053125 0.178125
2 0.40078125 0.66875 0.084375 0.2359375
2 0.23203125 0.59765625 0.0578125 0.2296875
2 0.2421875 0.48046875 0.0484375 0.165625
0 0.56875 0.8421875 0.078125 0.2578125