0 0.51484375 0.83828125 0.0515625 0.228125
2 0.82734375 0.71171875 0.08046875 0.20703125
2 0.77109375 0.57734375 0.06875 0.20546875
2 0.796875 0.45390625 0.034375 0.11875
2 0.765625 0.4171875 0.0453125 0.11640625
2 0.66796875 0.47734375 0.03515625 0.1640625
2 0.5625 0.5078125 0.04296875 0.184375
1 0.5546875 0.38125 0.0296875 0.075
1 0.4765625 0.5953125 0.0390625 0.1921875
1 0.49921875 0.52734375 0.03046875 0.1875
1 0.20390625 0.61640625 0.04453125 0.1890625
1 0.2328125 0.503125 0.0375 0.18203125
1 0.29921875 0.44140625 0.02890625 0.1484375