1 0.8578125 0.56875 0.0828125 0.2328125
1 0.86484375 0.4640625 0.0515625 0.1546875
1 0.8359375 0.4296875 0.071875 0.1640625
1 0.7015625 0.50078125 0.1046875 0.2375
1 0.709375 0.553125 0.09375 0.2078125
1 0.6765625 0.4484375 0.103125 0.20625
0 0.634375 0.8203125 0.0875 0.2546875
2 0.5109375 0.6203125 0.1140625 0.2546875
2 0.44296875 0.43828125 0.0703125 0.190625
2 0.4375 0.68359375 0.1015625 0.2453125
2 0.34140625 0.4859375 0.06875 0.1828125
2 0.259375 0.65390625 0.0671875 0.234375
2 0.2328125 0.51640625 0.046875 0.121875