1 0.18984375 0.4421875 0.0484375 0.13125
1 0.2515625 0.521875 0.0453125 0.19296875
1 0.246875 0.68125 0.0625 0.19765625
1 0.28671875 0.59765625 0.0625 0.1875
1 0.45703125 0.48046875 0.0421875 0.1828125
1 0.49921875 0.43515625 0.034375 0.1734375
0 0.59140625 0.82421875 0.0515625 0.2375
2 0.59453125 0.621875 0.03984375 0.17734375
2 0.6 0.540625 0.0359375 0.14765625
2 0.609375 0.48671875 0.034375 0.11171875
2 0.85 0.4765625 0.04609375 0.16328125
2 0.8921875 0.6625 0.03984375 0.2296875
2 0.93828125 0.521875 0.03984375 0.1796875