0 0.415625 0.828125 0.1 0.23125
2 0.18671875 0.58359375 0.0890625 0.209375
2 0.25859375 0.53046875 0.0859375 0.1984375
2 0.18828125 0.3859375 0.059375 0.15625
2 0.39296875 0.49453125 0.084375 0.203125
2 0.359375 0.41328125 0.053125 0.1328125
2 0.36953125 0.34140625 0.040625 0.0765625
1 0.78984375 0.675 0.0890625 0.215625
1 0.75859375 0.56171875 0.0734375 0.1859375
1 0.675 0.490625 0.0703125 0.1515625
1 0.52265625 0.59296875 0.08125 0.196875
1 0.503125 0.5125 0.075 0.196875
1 0.41171875 0.37109375 0.075 0.140625