1 0.13515625 0.4984375 0.1078125 0.2078125
1 0.3671875 0.5484375 0.0875 0.1984375
1 0.17578125 0.44453125 0.090625 0.19375
1 0.23984375 0.41953125 0.075 0.1671875
1 0.4046875 0.51640625 0.084375 0.203125
1 0.43828125 0.40625 0.03125 0.04375
2 0.4953125 0.48828125 0.0796875 0.1609375
2 0.625 0.45390625 0.065625 0.140625
2 0.68046875 0.50234375 0.0984375 0.18125
2 0.7765625 0.73671875 0.09375 0.215625
2 0.7546875 0.61875 0.071875 0.1671875
2 0.759375 0.52734375 0.071875 0.1671875
0 0.43671875 0.7640625 0.0875 0.1640625