1 0.1765625 0.51015625 0.0484375 0.18515625
1 0.2234375 0.59296875 0.06640625 0.171875
1 0.3 0.4484375 0.0328125 0.14140625
1 0.4796875 0.6203125 0.053125 0.16484375
1 0.51484375 0.5375 0.03125 0.1765625
1 0.52421875 0.421875 0.0375 0.1484375
0 0.52734375 0.828125 0.0546875 0.215625
2 0.66328125 0.690625 0.0625 0.18984375
2 0.58046875 0.50859375 0.03515625 0.2015625
2 0.69609375 0.4125 0.03515625 0.125
2 0.72734375 0.496875 0.053125 0.16015625
2 0.76640625 0.58046875 0.05859375 0.1921875
2 0.81640625 0.5015625 0.04140625 0.13671875