2 0.07734375 0.70078125 0.1140625 0.275
2 0.28828125 0.4859375 0.1 0.20625
2 0.3078125 0.3125 0.084375 0.16875
2 0.36328125 0.54609375 0.084375 0.184375
2 0.359375 0.40546875 0.08125 0.2140625
2 0.4734375 0.40078125 0.08125 0.1125
1 0.540625 0.61015625 0.08125 0.24375
1 0.53046875 0.54375 0.0734375 0.2390625
1 0.559375 0.43203125 0.0453125 0.125
1 0.8828125 0.6859375 0.096875 0.2546875
1 0.84921875 0.51484375 0.06875 0.19375
1 0.94375 0.59609375 0.0875 0.2375
0 0.41328125 0.85078125 0.1140625 0.2796875