1 0.678125 0.71328125 0.0984375 0.2203125
1 0.659375 0.640625 0.0953125 0.1921875
1 0.7265625 0.56484375 0.0953125 0.184375
1 0.7765625 0.4953125 0.071875 0.1609375
1 0.5578125 0.53046875 0.103125 0.2140625
1 0.5484375 0.43828125 0.078125 0.1734375
0 0.3625 0.790625 0.109375 0.2390625
2 0.40625 0.615625 0.09375 0.1796875
2 0.42421875 0.553125 0.0796875 0.1546875
2 0.3609375 0.46484375 0.1109375 0.19375
2 0.19453125 0.3921875 0.0859375 0.1578125
2 0.09609375 0.57578125 0.0953125 0.215625
2 0.11640625 0.4265625 0.09375 0.1890625