1 0.1703125 0.52421875 0.06875 0.16953125
1 0.2484375 0.59375 0.06640625 0.1703125
1 0.29140625 0.45625 0.03359375 0.134375
1 0.48046875 0.6125 0.06796875 0.1875
1 0.5265625 0.51484375 0.0328125 0.1828125
1 0.52578125 0.4125 0.04375 0.1359375
0 0.53203125 0.8328125 0.05 0.225
2 0.6375 0.675 0.0703125 0.1921875
2 0.5859375 0.509375 0.028125 0.20390625
2 0.67578125 0.409375 0.046875 0.14296875
2 0.7609375 0.584375 0.04140625 0.190625
2 0.7578125 0.48515625 0.0390625 0.159375
2 0.82734375 0.5171875 0.04453125 0.1625