2 0.13125 0.39765625 0.065625 0.159375
2 0.2609375 0.58046875 0.090625 0.2125
2 0.34140625 0.546875 0.1109375 0.2125
2 0.38203125 0.47890625 0.0859375 0.1984375
2 0.3515625 0.40234375 0.08125 0.1359375
2 0.40546875 0.40234375 0.075 0.15625
0 0.39296875 0.82109375 0.10625 0.234375
1 0.51875 0.61171875 0.09375 0.209375
1 0.49921875 0.5125 0.08125 0.196875
1 0.47265625 0.428125 0.0984375 0.165625
1 0.728125 0.5015625 0.078125 0.1546875
1 0.7796875 0.68671875 0.115625 0.2109375
1 0.80234375 0.5859375 0.1109375 0.1890625