1 0.70390625 0.609375 0.06875 0.234375
1 0.63046875 0.59140625 0.0609375 0.221875
1 0.58828125 0.5484375 0.05625 0.2203125
1 0.59921875 0.41640625 0.0421875 0.125
1 0.7578125 0.53359375 0.0703125 0.2
1 0.7625 0.4296875 0.0421875 0.1328125
0 0.4828125 0.8296875 0.0671875 0.253125
2 0.428125 0.64296875 0.0765625 0.2171875
2 0.4265625 0.60234375 0.0765625 0.1890625
2 0.15703125 0.6421875 0.053125 0.2109375
2 0.35703125 0.46953125 0.0515625 0.1703125
2 0.2375 0.47421875 0.0734375 0.16875
2 0.14921875 0.53359375 0.0453125 0.1859375