2 0.92890625 0.6859375 0.1234375 0.275
2 0.7109375 0.478125 0.10625 0.2078125
2 0.68515625 0.30546875 0.090625 0.1703125
2 0.63828125 0.540625 0.090625 0.184375
2 0.63671875 0.40078125 0.0890625 0.2140625
2 0.5234375 0.4 0.084375 0.1140625
1 0.46328125 0.61171875 0.0890625 0.2421875
1 0.47109375 0.54453125 0.08125 0.2390625
1 0.43828125 0.434375 0.0484375 0.125
1 0.1234375 0.69921875 0.1046875 0.2546875
1 0.15078125 0.52734375 0.075 0.19375
1 0.059375 0.6109375 0.0953125 0.2375
0 0.5984375 0.846875 0.121875 0.2796875