1 0.1625 0.51171875 0.04375 0.22265625
1 0.24453125 0.59140625 0.0734375 0.2328125
1 0.29296875 0.44140625 0.03828125 0.16796875
1 0.51875 0.61640625 0.0453125 0.22421875
1 0.534375 0.4640625 0.040625 0.17578125
1 0.5515625 0.384375 0.03203125 0.18046875
0 0.565625 0.87265625 0.059375 0.2546875
2 0.65234375 0.4828125 0.0515625 0.265625
2 0.76875 0.71015625 0.08125 0.24140625
2 0.721875 0.45234375 0.046875 0.1953125
2 0.753125 0.34921875 0.046875 0.12890625
2 0.884375 0.60078125 0.053125 0.2078125
2 0.89921875 0.5328125 0.103125 0.1859375