1 0.81015625 0.48984375 0.0546875 0.1453125
1 0.7359375 0.54609375 0.0578125 0.190625
1 0.6984375 0.6890625 0.05625 0.21875
1 0.6828125 0.596875 0.0546875 0.2
1 0.5296875 0.4671875 0.05625 0.190625
1 0.48515625 0.4265625 0.0453125 0.171875
0 0.3671875 0.81796875 0.065625 0.2375
2 0.37265625 0.6078125 0.0609375 0.196875
2 0.37421875 0.51328125 0.053125 0.1734375
2 0.3890625 0.45625 0.0421875 0.109375
2 0.0890625 0.609375 0.0734375 0.215625
2 0.12734375 0.44609375 0.0546875 0.1625
2 0.04140625 0.4890625 0.053125 0.184375