1 0.17578125 0.67890625 0.0734375 0.1234375
1 0.471875 0.5484375 0.0484375 0.1171875
1 0.4953125 0.5640625 0.04375 0.1109375
1 0.55859375 0.55546875 0.046875 0.1265625
1 0.5859375 0.5734375 0.05 0.1265625
1 0.60625 0.56015625 0.046875 0.1375
0 0.703125 0.7234375 0.0640625 0.1515625
2 0.7296875 0.49921875 0.046875 0.103125
2 0.7421875 0.4703125 0.0453125 0.0921875
2 0.7703125 0.51015625 0.0453125 0.1109375
2 0.85390625 0.4828125 0.0515625 0.1046875
2 0.93125 0.5671875 0.0515625 0.140625
2 0.9140625 0.51640625 0.0421875 0.09375