1 0.03125 0.503125 0.0625 0.240625
1 0.090625 0.6046875 0.0625 0.259375
1 0.159375 0.42265625 0.040625 0.1828125
1 0.45703125 0.60078125 0.04375 0.25
1 0.47890625 0.50546875 0.0390625 0.1921875
1 0.47734375 0.434375 0.028125 0.1625
0 0.5203125 0.86484375 0.06875 0.2703125
2 0.58046875 0.38203125 0.040625 0.121875
2 0.6015625 0.54140625 0.0609375 0.2015625
2 0.64765625 0.434375 0.065625 0.2234375
2 0.74609375 0.3453125 0.0515625 0.171875
2 0.7328125 0.5453125 0.0484375 0.228125
2 0.84921875 0.77734375 0.0859375 0.271875