0 0.640625 0.87890625 0.0546875 0.2421875
1 0.39375 0.6578125 0.0703125 0.22734375
1 0.275 0.4796875 0.03671875 0.134375
1 0.321875 0.55078125 0.06484375 0.20625
1 0.4421875 0.56640625 0.0609375 0.196875
1 0.55546875 0.4140625 0.0375 0.178125
1 0.6203125 0.43359375 0.028125 0.18515625
2 0.7046875 0.61328125 0.03125 0.2109375
2 0.71015625 0.484375 0.028125 0.1765625
2 0.68203125 0.42421875 0.0296875 0.1390625
2 0.92734375 0.62578125 0.05703125 0.22734375
2 0.97421875 0.49921875 0.0359375 0.1921875