0 0.3734375 0.86953125 0.071875 0.24375
2 0.1390625 0.60078125 0.0828125 0.2265625
2 0.0625 0.51171875 0.05625 0.18125
2 0.00625 0.534375 0.0125 0.19375
2 0.28828125 0.6421875 0.0578125 0.2296875
2 0.30859375 0.5140625 0.0484375 0.1890625
2 0.3375 0.396875 0.0765625 0.1640625
1 0.41875 0.4359375 0.0484375 0.184375
1 0.3921875 0.39140625 0.04375 0.2390625
1 0.53203125 0.6265625 0.0859375 0.1859375
1 0.61953125 0.58359375 0.078125 0.16875
1 0.721875 0.5484375 0.053125 0.1796875
1 0.6984375 0.51640625 0.0484375 0.140625