1 0.9484375 0.6328125 0.103125 0.215625
1 0.81640625 0.478125 0.0859375 0.1703125
1 0.775 0.7109375 0.1234375 0.253125
1 0.57734375 0.64609375 0.146875 0.228125
1 0.484375 0.3734375 0.0828125 0.2390625
1 0.50390625 0.2796875 0.0828125 0.21875
0 0.365625 0.86015625 0.1125 0.2421875
2 0.28515625 0.61875 0.1125 0.2578125
2 0.390625 0.51640625 0.09375 0.196875
2 0.328125 0.43125 0.1328125 0.2140625
2 0.128125 0.43828125 0.1125 0.2359375
2 0.3546875 0.2828125 0.0734375 0.1546875
2 0.3859375 0.25546875 0.103125 0.21875