1 0.20703125 0.39921875 0.071875 0.146875
1 0.2609375 0.475 0.0796875 0.1921875
1 0.2546875 0.62265625 0.08125 0.21875
1 0.296875 0.5390625 0.078125 0.2
1 0.48125 0.46015625 0.078125 0.1921875
1 0.5359375 0.434375 0.065625 0.171875
0 0.534375 0.84296875 0.09375 0.2390625
2 0.58984375 0.640625 0.0828125 0.2
2 0.61640625 0.54921875 0.0734375 0.175
2 0.61875 0.490625 0.0546875 0.1109375
2 0.8609375 0.72421875 0.096875 0.2171875
2 0.871875 0.5578125 0.0734375 0.165625
2 0.9421875 0.6234375 0.075 0.184375