1 0.2046875 0.615625 0.04609375 0.18359375
1 0.24609375 0.50703125 0.05234375 0.1796875
1 0.30625 0.4390625 0.0296875 0.14765625
1 0.46953125 0.59296875 0.0359375 0.2015625
1 0.49609375 0.5265625 0.03203125 0.19609375
1 0.55703125 0.38515625 0.03671875 0.1
0 0.51484375 0.83984375 0.0546875 0.228125
2 0.5734375 0.5078125 0.05625 0.20546875
2 0.659375 0.47265625 0.03671875 0.15546875
2 0.74453125 0.403125 0.0484375 0.13046875
2 0.77265625 0.56484375 0.06875 0.19609375
2 0.84609375 0.7015625 0.06640625 0.2015625
2 0.803125 0.45234375 0.03359375 0.14609375