1 0.7875 0.67109375 0.0875 0.2171875
1 0.76796875 0.55546875 0.071875 0.171875
1 0.68984375 0.4796875 0.0546875 0.159375
1 0.5265625 0.596875 0.075 0.2
1 0.503125 0.51328125 0.0640625 0.1953125
2 0.3921875 0.49375 0.0765625 0.203125
1 0.425 0.37734375 0.0546875 0.1171875
0 0.42734375 0.8265625 0.0890625 0.2265625
2 0.3734375 0.38203125 0.053125 0.153125
2 0.35546875 0.425 0.0515625 0.128125
2 0.28125 0.54296875 0.0703125 0.203125
2 0.21171875 0.59765625 0.090625 0.203125
2 0.17890625 0.40390625 0.0578125 0.153125