2 0.90546875 0.71015625 0.1390625 0.2890625
2 0.72265625 0.5 0.0921875 0.2328125
2 0.615625 0.54921875 0.0796875 0.175
2 0.54375 0.3875 0.0578125 0.11875
2 0.6375 0.40625 0.08125 0.2234375
2 0.70390625 0.303125 0.075 0.1734375
0 0.578125 0.85546875 0.10625 0.2796875
1 0.465625 0.60859375 0.075 0.2515625
1 0.47265625 0.5171875 0.0625 0.1953125
1 0.45625 0.43203125 0.0484375 0.1328125
1 0.1140625 0.67890625 0.10625 0.259375
1 0.15078125 0.4984375 0.059375 0.1890625
1 0.040625 0.58671875 0.08125 0.2453125