1 0.7015625 0.60546875 0.096875 0.240625
2 0.05859375 0.44453125 0.0953125 0.2203125
1 0.909375 0.5625 0.1171875 0.2109375
1 0.68671875 0.47109375 0.084375 0.1484375
1 0.54921875 0.6296875 0.103125 0.228125
1 0.48203125 0.38359375 0.0875 0.1875
1 0.48515625 0.365625 0.0609375 0.1671875
2 0.27421875 0.55546875 0.1125 0.2015625
2 0.2703125 0.43125 0.0828125 0.2078125
2 0.20703125 0.30625 0.0734375 0.146875
2 0.33203125 0.32578125 0.0640625 0.1671875
2 0.334375 0.45546875 0.0828125 0.19375
0 0.365625 0.8578125 0.1015625 0.2515625