1 0.2828125 0.56875 0.05703125 0.234375
2 0.94453125 0.521875 0.05859375 0.21328125
1 0.0859375 0.490625 0.08359375 0.19921875
1 0.32109375 0.4390625 0.06015625 0.140625
1 0.42890625 0.61953125 0.065625 0.21953125
1 0.53828125 0.38828125 0.05703125 0.18046875
1 0.53828125 0.3703125 0.03359375 0.1640625
2 0.7125 0.59375 0.08125 0.18984375
2 0.73828125 0.471875 0.0484375 0.203125
2 0.821875 0.36015625 0.04921875 0.140625
2 0.6953125 0.3578125 0.0359375 0.1640625
2 0.67109375 0.48515625 0.05078125 0.1875
0 0.5703125 0.87578125 0.059375 0.24453125