2 0.14375 0.6140625 0.0859375 0.209375
2 0.2359375 0.5390625 0.0859375 0.1953125
2 0.190625 0.40546875 0.0515625 0.14375
2 0.3671875 0.4265625 0.0625 0.1453125
2 0.41171875 0.5015625 0.06875 0.203125
2 0.3234375 0.3734375 0.06875 0.146875
0 0.43828125 0.83125 0.0890625 0.228125
1 0.425 0.36484375 0.05625 0.15
1 0.5203125 0.58984375 0.0546875 0.190625
1 0.50390625 0.5140625 0.065625 0.1921875
1 0.68046875 0.471875 0.0671875 0.146875
1 0.740625 0.54296875 0.0671875 0.178125
1 0.78125 0.64921875 0.075 0.2046875