2 0.56796875 0.634375 0.03828125 0.21796875
2 0.54453125 0.590625 0.0546875 0.196875
2 0.65390625 0.48515625 0.0515625 0.175
2 0.85546875 0.665625 0.0484375 0.2234375
2 0.790625 0.46640625 0.053125 0.15625
2 0.87265625 0.52421875 0.0421875 0.18203125
0 0.52734375 0.83203125 0.05859375 0.24921875
1 0.42265625 0.5328125 0.0671875 0.20625
1 0.421875 0.425 0.0375 0.159375
1 0.33203125 0.59921875 0.0875 0.21171875
1 0.284375 0.5359375 0.04375 0.32265625
1 0.24296875 0.5171875 0.0375 0.2046875
1 0.2359375 0.4296875 0.0546875 0.17109375