2 0.11796875 0.640625 0.0890625 0.2421875
2 0.234375 0.51953125 0.0890625 0.171875
2 0.25 0.4140625 0.05625 0.1390625
2 0.34375 0.4453125 0.065625 0.18125
2 0.4078125 0.3875 0.06875 0.15625
2 0.528125 0.4796875 0.046875 0.128125
0 0.43671875 0.81796875 0.090625 0.25
1 0.58671875 0.61171875 0.0734375 0.215625
1 0.58125 0.52265625 0.0484375 0.165625
1 0.59765625 0.4375 0.034375 0.0609375
1 0.80078125 0.53046875 0.0609375 0.1734375
1 0.85390625 0.6578125 0.0953125 0.215625
1 0.87265625 0.58515625 0.0625 0.2109375