0 0.525 0.853125 0.07265625 0.25703125
2 0.884375 0.75078125 0.0640625 0.26640625
2 0.67890625 0.5765625 0.04296875 0.19921875
2 0.725 0.51171875 0.04140625 0.18984375
2 0.6578125 0.4453125 0.0390625 0.21953125
2 0.69296875 0.36796875 0.04453125 0.14375
2 0.51484375 0.42734375 0.04296875 0.09453125
1 0.41875 0.6078125 0.0375 0.22890625
1 0.43828125 0.5140625 0.0328125 0.17109375
1 0.434375 0.43515625 0.025 0.125
1 0.09765625 0.62578125 0.04921875 0.24765625
1 0.15390625 0.4640625 0.05234375 0.1828125
1 0.05390625 0.528125 0.05625 0.21796875