1 0.1296875 0.60546875 0.0515625 0.1125
1 0.46640625 0.54140625 0.02578125 0.1140625
1 0.48671875 0.5640625 0.02265625 0.1078125
1 0.546875 0.5671875 0.01875 0.12578125
1 0.56953125 0.5921875 0.02265625 0.125
1 0.59296875 0.58203125 0.0171875 0.13515625
2 0.725 0.553125 0.02421875 0.09296875
2 0.7453125 0.5265625 0.02734375 0.090625
2 0.7625 0.57265625 0.0234375 0.10859375
2 0.84921875 0.56328125 0.03515625 0.1
2 0.90546875 0.66328125 0.0265625 0.1359375
2 0.90078125 0.6078125 0.0234375 0.0953125
0 0.65 0.76015625 0.0296875 0.14765625