1 0.096875 0.49296875 0.08203125 0.209375
1 0.284375 0.56171875 0.053125 0.2265625
1 0.32421875 0.4390625 0.06796875 0.14296875
1 0.4359375 0.61875 0.06953125 0.225
1 0.53828125 0.37734375 0.05859375 0.18671875
0 0.56796875 0.8765625 0.059375 0.246875
2 0.67890625 0.50078125 0.05390625 0.19140625
2 0.69921875 0.34765625 0.0421875 0.153125
2 0.728125 0.45859375 0.0328125 0.159375
2 0.746875 0.58984375 0.0578125 0.1875
2 0.81328125 0.36796875 0.0515625 0.14140625
2 0.96015625 0.521875 0.0671875 0.21328125