1 0.85234375 0.65625 0.0671875 0.11875
1 0.52734375 0.5453125 0.040625 0.1171875
1 0.50390625 0.565625 0.0375 0.109375
1 0.44453125 0.56015625 0.0359375 0.1265625
1 0.41796875 0.58125 0.0390625 0.1265625
1 0.396875 0.56796875 0.0359375 0.1359375
2 0.26953125 0.52109375 0.0375 0.0953125
2 0.253125 0.4921875 0.0390625 0.09375
2 0.2296875 0.53515625 0.0390625 0.1109375
2 0.1453125 0.5140625 0.0484375 0.1046875
2 0.07578125 0.60546875 0.0453125 0.1390625
2 0.08828125 0.55078125 0.0359375 0.096875
0 0.315625 0.73671875 0.05 0.15