2 0.2921875 0.675 0.075 0.2015625
2 0.33984375 0.609375 0.0734375 0.2109375
2 0.396875 0.53203125 0.071875 0.20625
1 0.4109375 0.42109375 0.0625 0.1390625
2 0.3625 0.446875 0.053125 0.1578125
2 0.340625 0.47421875 0.0640625 0.1265625
2 0.15390625 0.52734375 0.05625 0.15625
0 0.53828125 0.8375 0.0921875 0.2328125
1 0.5609375 0.59609375 0.06875 0.2109375
1 0.50703125 0.5140625 0.0609375 0.1921875
1 0.828125 0.57109375 0.0875 0.1984375
1 0.7890625 0.46328125 0.0640625 0.178125
1 0.690625 0.421875 0.0734375 0.16875