0 0.62890625 0.88046875 0.06015625 0.2390625
1 0.30234375 0.55234375 0.0453125 0.18671875
1 0.2859375 0.49140625 0.03671875 0.14609375
1 0.446875 0.63671875 0.06875 0.20546875
1 0.4296875 0.58125 0.0390625 0.1609375
1 0.57578125 0.41484375 0.0375 0.18359375
1 0.6296875 0.4328125 0.0296875 0.18828125
2 0.725 0.62421875 0.0625 0.20703125
2 0.71328125 0.50390625 0.0234375 0.22109375
2 0.6765625 0.4375 0.03515625 0.11171875
2 0.91328125 0.6203125 0.05703125 0.22109375
2 0.9796875 0.5125 0.02890625 0.196875