1 0.2921875 0.60234375 0.06015625 0.2328125
1 0.36640625 0.58671875 0.05390625 0.2203125
1 0.41015625 0.5453125 0.0484375 0.21953125
1 0.40390625 0.41328125 0.0375 0.12421875
1 0.24140625 0.52421875 0.06328125 0.1984375
1 0.23984375 0.4203125 0.03828125 0.13125
0 0.50546875 0.83046875 0.0578125 0.2515625
2 0.5671875 0.6453125 0.06875 0.21484375
2 0.56953125 0.6046875 0.06953125 0.1875
2 0.8375 0.65390625 0.0453125 0.209375
2 0.64375 0.47421875 0.04609375 0.16875
2 0.76328125 0.48359375 0.0671875 0.1671875
2 0.84921875 0.54609375 0.0390625 0.18515625