1 0.15546875 0.61796875 0.05078125 0.228125
1 0.13359375 0.51484375 0.03125 0.15234375
1 0.1578125 0.47734375 0.05 0.15859375
1 0.30078125 0.52890625 0.0734375 0.22890625
1 0.3 0.58203125 0.06640625 0.20078125
1 0.31796875 0.4734375 0.07578125 0.196875
0 0.41171875 0.8359375 0.05390625 0.24921875
2 0.50625 0.6203125 0.08046875 0.24609375
2 0.54765625 0.43125 0.04453125 0.1859375
2 0.5875 0.6734375 0.06875 0.2375
2 0.65546875 0.4640625 0.04375 0.17890625
2 0.759375 0.61875 0.0359375 0.23203125
2 0.7671875 0.47890625 0.03046875 0.11953125