1 0.3125 0.7140625 0.0765625 0.196875
1 0.21171875 0.48671875 0.0859375 0.1515625
1 0.2734375 0.5515625 0.06875 0.1875
1 0.3171875 0.62578125 0.078125 0.16875
1 0.446875 0.5125 0.0828125 0.1984375
1 0.46796875 0.43515625 0.0609375 0.1734375
0 0.63046875 0.796875 0.0984375 0.2421875
2 0.9046875 0.590625 0.0859375 0.215625
2 0.60625 0.60703125 0.096875 0.178125
2 0.59375 0.53984375 0.084375 0.171875
2 0.62734375 0.47265625 0.0828125 0.1875
2 0.81796875 0.4078125 0.0765625 0.1609375
2 0.9015625 0.43671875 0.0828125 0.175