1 0.18125 0.69453125 0.1171875 0.2359375
1 0.14609375 0.59921875 0.0734375 0.1546875
1 0.15 0.5578125 0.078125 0.1703125
1 0.3078125 0.57578125 0.125 0.240625
1 0.3125 0.6265625 0.1015625 0.209375
1 0.3125 0.51171875 0.11875 0.2046875
2 0.534375 0.61484375 0.1234375 0.2609375
2 0.52890625 0.41953125 0.0828125 0.1859375
2 0.63828125 0.4296875 0.0796875 0.1796875
2 0.625 0.65078125 0.11875 0.2421875
2 0.7796875 0.5546875 0.0921875 0.23125
2 0.7515625 0.440625 0.0734375 0.1671875
0 0.4859375 0.8484375 0.1171875 0.2609375