1 0.13984375 0.615625 0.05703125 0.2203125
1 0.125 0.49140625 0.03984375 0.08671875
1 0.134375 0.45703125 0.0328125 0.1140625
1 0.29375 0.5296875 0.0765625 0.22734375
1 0.27890625 0.57734375 0.053125 0.203125
1 0.3109375 0.47265625 0.07578125 0.18828125
0 0.40703125 0.834375 0.05546875 0.25234375
2 0.5171875 0.61875 0.0671875 0.25234375
2 0.54375 0.4265625 0.03984375 0.1828125
2 0.58828125 0.675 0.0703125 0.234375
2 0.6453125 0.4625 0.04140625 0.1796875
2 0.75703125 0.61484375 0.0375 0.2265625
2 0.76171875 0.48125 0.0265625 0.1390625