1 0.809375 0.6046875 0.0515625 0.1609375
1 0.7 0.53046875 0.0359375 0.1703125
1 0.66328125 0.5140625 0.0296875 0.1484375
1 0.5625 0.56640625 0.0421875 0.153125
1 0.51484375 0.55390625 0.0265625 0.165625
1 0.51796875 0.51484375 0.0234375 0.146875
0 0.43515625 0.765625 0.040625 0.1625
2 0.365625 0.521875 0.0265625 0.1328125
2 0.3328125 0.48671875 0.03125 0.1359375
2 0.29296875 0.45859375 0.046875 0.1296875
2 0.19921875 0.5109375 0.05 0.1265625
2 0.1625 0.6296875 0.0484375 0.159375
2 0.16640625 0.54140625 0.034375 0.0890625