0 0.60703125 0.87578125 0.05859375 0.240625
2 0.85546875 0.61953125 0.071875 0.2234375
2 0.9359375 0.534375 0.046875 0.17890625
2 0.99453125 0.5609375 0.01015625 0.19296875
2 0.70390625 0.653125 0.04609375 0.22734375
2 0.690625 0.52421875 0.0390625 0.18671875
2 0.66796875 0.40546875 0.06796875 0.16015625
1 0.584375 0.440625 0.0390625 0.18203125
1 0.61328125 0.396875 0.03125 0.2375
1 0.46171875 0.625 0.07578125 0.1828125
1 0.3765625 0.57734375 0.0703125 0.16484375
1 0.27578125 0.53671875 0.04453125 0.178125
1 0.30078125 0.50625 0.04140625 0.13828125