1 0.70625 0.60625 0.0640625 0.234375
1 0.63203125 0.5890625 0.0578125 0.221875
1 0.5890625 0.546875 0.0515625 0.2203125
1 0.59765625 0.41484375 0.0390625 0.125
1 0.7578125 0.52890625 0.0671875 0.2
1 0.76171875 0.425 0.040625 0.13125
0 0.4890625 0.83046875 0.0625 0.253125
2 0.43046875 0.64375 0.071875 0.215625
2 0.42890625 0.603125 0.0734375 0.1890625
2 0.16015625 0.64765625 0.0484375 0.209375
2 0.35703125 0.471875 0.0484375 0.16875
2 0.23671875 0.47890625 0.0703125 0.16875
2 0.15 0.53984375 0.0421875 0.1859375