2 0.815625 0.83125 0.14375 0.2890625
2 0.71015625 0.57265625 0.096875 0.234375
2 0.59296875 0.58359375 0.0828125 0.175
2 0.578125 0.40859375 0.059375 0.11875
2 0.6609375 0.45625 0.0859375 0.2234375
2 0.75703125 0.38046875 0.078125 0.1734375
0 0.45859375 0.86015625 0.1109375 0.2796875
1 0.43203125 0.59140625 0.078125 0.2515625
1 0.46875 0.50703125 0.065625 0.1953125
1 0.48046875 0.42109375 0.05 0.1328125
1 0.0765625 0.54375 0.109375 0.259375
1 0.1703125 0.38515625 0.0625 0.1890625
1 0.03984375 0.43203125 0.0796875 0.2453125