2 0.153125 0.63828125 0.071875 0.20625
2 0.2390625 0.5578125 0.0734375 0.1921875
2 0.18515625 0.42734375 0.0421875 0.1421875
2 0.3625 0.43671875 0.053125 0.14375
2 0.41171875 0.5078125 0.0546875 0.203125
2 0.315625 0.3859375 0.059375 0.14375
0 0.46171875 0.83515625 0.0734375 0.225
1 0.415625 0.3703125 0.046875 0.1484375
1 0.5265625 0.58828125 0.0421875 0.190625
1 0.5046875 0.51328125 0.053125 0.190625
1 0.678125 0.459375 0.0578125 0.14375
1 0.74296875 0.5265625 0.05625 0.1765625
1 0.790625 0.62890625 0.0609375 0.203125