0 0.50625 0.85390625 0.0953125 0.2625
2 0.1390625 0.78359375 0.0875 0.2703125
2 0.328125 0.5921875 0.0609375 0.2015625
2 0.2765625 0.53125 0.0578125 0.1921875
2 0.33828125 0.459375 0.0578125 0.221875
2 0.29609375 0.38515625 0.05625 0.146875
2 0.47890625 0.42890625 0.0515625 0.0984375
1 0.590625 0.6 0.0578125 0.23125
1 0.5625 0.50859375 0.046875 0.1734375
1 0.559375 0.4296875 0.0359375 0.1265625
1 0.91171875 0.590625 0.0703125 0.2515625
1 0.84140625 0.434375 0.06875 0.1859375
1 0.946875 0.4890625 0.075 0.221875