1 0.23125 0.4328125 0.04453125 0.16796875
1 0.2453125 0.51796875 0.046875 0.2046875
1 0.2890625 0.56328125 0.05390625 0.27265625
1 0.34375 0.596875 0.0640625 0.21484375
1 0.41796875 0.53515625 0.0671875 0.21015625
1 0.4171875 0.4234375 0.03984375 0.15859375
0 0.5234375 0.83359375 0.0546875 0.2515625
2 0.571875 0.63828125 0.04765625 0.2125
2 0.54453125 0.5921875 0.04609375 0.19375
2 0.6484375 0.47890625 0.0484375 0.17265625
2 0.85 0.659375 0.05078125 0.22109375
2 0.78515625 0.46640625 0.053125 0.15859375
2 0.8671875 0.5265625 0.0421875 0.1828125