2 0.83671875 0.6625 0.05859375 0.203125
2 0.75625 0.57578125 0.0609375 0.18828125
2 0.81953125 0.44921875 0.0328125 0.140625
2 0.64140625 0.44609375 0.04375 0.140625
2 0.5875 0.5140625 0.040625 0.2
2 0.6921875 0.39921875 0.04921875 0.14140625
0 0.51484375 0.83671875 0.05859375 0.221875
1 0.59296875 0.3765625 0.03671875 0.146875
1 0.4671875 0.5859375 0.02890625 0.1890625
1 0.49453125 0.51328125 0.03984375 0.1890625
1 0.325 0.446875 0.0484375 0.14140625
1 0.25546875 0.509375 0.04375 0.1734375
1 0.20078125 0.60859375 0.046875 0.20078125