2 0.0765625 0.4109375 0.1078125 0.2203125
2 0.28203125 0.54453125 0.1234375 0.190625
2 0.26640625 0.4078125 0.1171875 0.2078125
2 0.2359375 0.27265625 0.0796875 0.1484375
2 0.3546875 0.434375 0.103125 0.2140625
2 0.35390625 0.3265625 0.0859375 0.1765625
0 0.33515625 0.84375 0.125 0.2578125
1 0.56875 0.6421875 0.1359375 0.2421875
1 0.69921875 0.6234375 0.134375 0.2453125
1 0.90546875 0.59140625 0.1109375 0.2328125
1 0.70546875 0.48046875 0.0890625 0.1359375
1 0.4796875 0.38203125 0.090625 0.190625
1 0.49609375 0.321875 0.0625 0.090625