2 0.1484375 0.6953125 0.05625 0.1546875
2 0.16328125 0.62421875 0.0421875 0.11875
2 0.18515625 0.56953125 0.05625 0.1328125
2 0.30234375 0.5703125 0.046875 0.1203125
2 0.30546875 0.5109375 0.0328125 0.0765625
2 0.28125 0.51640625 0.053125 0.1265625
0 0.43125 0.7796875 0.05625 0.1625
1 0.52734375 0.55625 0.0421875 0.1328125
1 0.475 0.57109375 0.0390625 0.1625
1 0.49296875 0.553125 0.0453125 0.146875
1 0.6046875 0.52578125 0.0359375 0.1328125
1 0.6359375 0.5203125 0.05 0.146875
1 0.8109375 0.51640625 0.05625 0.1609375