2 0.88125 0.77109375 0.06953125 0.26640625
2 0.7109375 0.52265625 0.06640625 0.1984375
2 0.721875 0.3484375 0.0578125 0.16171875
2 0.6265625 0.56875 0.0546875 0.17734375
2 0.6546875 0.43125 0.04609375 0.209375
2 0.54375 0.40703125 0.06484375 0.103125
1 0.440625 0.6015625 0.03984375 0.23984375
1 0.4625 0.5375 0.0328125 0.23671875
1 0.453125 0.42265625 0.02421875 0.12265625
1 0.090625 0.61640625 0.05390625 0.24921875
1 0.153125 0.45390625 0.03671875 0.18984375
1 0.04609375 0.5171875 0.0484375 0.23203125
0 0.52421875 0.86015625 0.0671875 0.271875