2 0.06953125 0.578125 0.046875 0.1296875
2 0.0796875 0.521875 0.0421875 0.1
2 0.14765625 0.490625 0.0515625 0.103125
2 0.22734375 0.51484375 0.0421875 0.103125
2 0.26640625 0.5109375 0.04375 0.0859375
2 0.253125 0.47734375 0.04375 0.09375
0 0.2984375 0.71953125 0.0640625 0.1484375
1 0.434375 0.55234375 0.0453125 0.1234375
1 0.40625 0.5765625 0.0453125 0.1203125
1 0.38671875 0.5609375 0.04375 0.13125
1 0.51484375 0.5421875 0.0421875 0.109375
1 0.49296875 0.56484375 0.0375 0.1078125
1 0.86328125 0.67421875 0.059375 0.1140625