1 0.76484375 0.67421875 0.0828125 0.1890625
1 0.746875 0.559375 0.0890625 0.1859375
1 0.70234375 0.48046875 0.059375 0.15
1 0.51015625 0.59765625 0.0765625 0.2046875
1 0.4984375 0.5265625 0.071875 0.1984375
1 0.46796875 0.37578125 0.05625 0.1046875
0 0.41484375 0.8296875 0.1015625 0.234375
2 0.4265625 0.4921875 0.0984375 0.2125
2 0.35 0.43984375 0.06875 0.159375
2 0.28125 0.3546875 0.075 0.1375
2 0.21953125 0.50703125 0.1078125 0.20625
2 0.11953125 0.625 0.10625 0.2109375
2 0.21328125 0.390625 0.0625 0.15