1 0.41484375 0.5140625 0.05625 0.1984375
2 0.48984375 0.46796875 0.065625 0.1203125
2 0.646875 0.41640625 0.053125 0.1609375
2 0.66796875 0.49453125 0.0765625 0.1953125
2 0.74140625 0.60546875 0.0984375 0.1875
2 0.7671875 0.5078125 0.08125 0.1609375
2 0.82890625 0.75703125 0.0890625 0.2515625
0 0.4671875 0.8296875 0.090625 0.2484375
1 0.3875 0.58046875 0.0640625 0.2125
1 0.4203125 0.46171875 0.0515625 0.171875
1 0.109375 0.5453125 0.0984375 0.209375
1 0.10390625 0.465625 0.084375 0.21875
1 0.19765625 0.42890625 0.0640625 0.1796875