1 0.19765625 0.41015625 0.0625 0.1359375
1 0.25078125 0.49609375 0.065625 0.196875
1 0.2296875 0.65390625 0.0828125 0.203125
1 0.27734375 0.575 0.08125 0.19375
1 0.459375 0.47578125 0.0609375 0.1859375
1 0.50625 0.43515625 0.0515625 0.1765625
0 0.55703125 0.83203125 0.0765625 0.2421875
2 0.58125 0.63125 0.0578125 0.18125
2 0.5953125 0.55078125 0.0515625 0.15
2 0.61015625 0.4984375 0.0453125 0.1140625
2 0.85078125 0.51328125 0.0625 0.1671875
2 0.8734375 0.70234375 0.0640625 0.2328125
2 0.93359375 0.5671875 0.0578125 0.1828125