1 0.77734375 0.4953125 0.08125 0.1734375
1 0.74375 0.575 0.0921875 0.209375
1 0.69140625 0.609375 0.1140625 0.278125
1 0.63046875 0.6296875 0.1109375 0.2234375
1 0.571875 0.55234375 0.1125 0.2203125
1 0.59765625 0.44375 0.075 0.1640625
0 0.40234375 0.81953125 0.109375 0.2578125
2 0.39921875 0.61875 0.09375 0.2171875
2 0.4359375 0.5796875 0.0890625 0.1984375
2 0.36015625 0.44609375 0.0859375 0.1796875
2 0.1234375 0.5765625 0.0984375 0.2265625
2 0.2296875 0.403125 0.0875 0.1671875
2 0.1359375 0.44296875 0.0828125 0.1875