1 0.2734375 0.47734375 0.0359375 0.1390625
1 0.325 0.54765625 0.05625 0.20546875
1 0.3859375 0.66640625 0.08359375 0.22265625
1 0.43984375 0.57109375 0.059375 0.21171875
1 0.553125 0.41484375 0.03828125 0.18515625
1 0.61640625 0.42890625 0.03359375 0.18828125
0 0.6390625 0.87734375 0.06015625 0.24453125
2 0.7046875 0.609375 0.0296875 0.203125
2 0.7078125 0.484375 0.0296875 0.17109375
2 0.6828125 0.4234375 0.0296875 0.15234375
2 0.93515625 0.628125 0.0421875 0.2296875
2 0.971875 0.49765625 0.03203125 0.18828125