2 0.92734375 0.4328125 0.0984375 0.2203125
2 0.715625 0.55546875 0.115625 0.1890625
2 0.7375 0.41953125 0.1078125 0.20625
2 0.77578125 0.28671875 0.0734375 0.1484375
2 0.6484375 0.4421875 0.09375 0.2140625
2 0.6546875 0.334375 0.078125 0.1765625
0 0.646875 0.85234375 0.1125 0.2578125
1 0.42421875 0.63828125 0.125 0.240625
1 0.29453125 0.61328125 0.1234375 0.24375
1 0.08984375 0.5703125 0.1 0.2328125
1 0.2953125 0.4703125 0.0828125 0.134375
1 0.5265625 0.38359375 0.0828125 0.190625
1 0.51328125 0.321875 0.059375 0.0890625