1 0.94921875 0.6171875 0.1015625 0.246875
1 0.871875 0.70078125 0.115625 0.2640625
1 0.84921875 0.5078125 0.0765625 0.1859375
1 0.5171875 0.60859375 0.09375 0.2515625
1 0.51953125 0.51015625 0.0765625 0.19375
1 0.5375 0.4421875 0.0609375 0.1640625
0 0.39140625 0.84921875 0.1234375 0.278125
2 0.45078125 0.365625 0.065625 0.1265625
2 0.39140625 0.515625 0.1 0.2078125
2 0.371875 0.40078125 0.1109375 0.2296875
2 0.2984375 0.290625 0.0859375 0.178125
2 0.26328125 0.4875 0.09375 0.23125
2 0.09453125 0.684375 0.140625 0.2828125