2 0.87265625 0.65078125 0.03828125 0.15078125
2 0.84921875 0.58203125 0.02890625 0.11640625
2 0.82109375 0.53046875 0.040625 0.12890625
2 0.7046875 0.54609375 0.0328125 0.1171875
2 0.69453125 0.4875 0.02421875 0.07421875
2 0.71953125 0.48984375 0.03828125 0.12265625
0 0.60234375 0.76953125 0.03671875 0.15859375
1 0.4796875 0.559375 0.02734375 0.1296875
1 0.53359375 0.5671875 0.01953125 0.16171875
1 0.51328125 0.5515625 0.02734375 0.1453125
1 0.39921875 0.53828125 0.0203125 0.13203125
1 0.3671875 0.53671875 0.0328125 0.14375
1 0.19296875 0.55390625 0.0375 0.15703125